g = 9.81;

% ボディ
cogx_b= -0.002253;
cogy_b= -0.002051;
cogz_b= -0.002169;

% 右脚リンク1（upper_link_R）
l1_x= 0;
l1_y= -0.1325;
l1_z= 0;
l1_cogx= 0;
l1_cogy= -0.002442;
l1_cogz= -0.082837;

% 右脚リンク2（lower_link_R）
l2_x= 0;
l2_y= 0.003;
l2_z= -0.15;
l2_cogx= -0.000318;
l2_cogy= -0.017515;
l2_cogz= -0.132078;

% ホイール右
wR_x= 0;
wR_y= -0.0545;
wR_z= -0.15;
wR_cogx= 0;
wR_cogy= 0.02008;
wR_cogz= 0;
w_r = 0.1559;

% 左脚リンク3（upper_link_L）
l3_x= 0;
l3_y= 0.1325;
l3_z= 0;
l3_cogx= 0;
l3_cogy= 0.002442;
l3_cogz= -0.082837;

% 左脚リンク4（lower_link_L）
l4_x= 0;
l4_y= -0.003;
l4_z= -0.15;
l4_cogx= -0.000826;
l4_cogy= 0.025516;
l4_cogz= -0.128096;

% ホイール左
wL_x= 0;
wL_y= 0.0545;
wL_z= -0.15;
wL_cogx= 0;
wL_cogy= -0.02008;
wL_cogz= 0;


% 質量パラメータ [kg]
m = [4.195338, 0.09062, 0.709174, 0.643498, 0.09062, 0.709174, 0.643498];

% 慣性テンソル [kg*m^2]
% ボディ
Ib = [
0.030220, 0.001117, 0.001369;
0.001117, 0.01578, 0.000101;
0.001369, 0.000101, 0.0386
];

% 右脚リンク1（upper_link_R）
I1 = [
0.0003433, -1.1820e-17, 1.0260e-16;
-1.1820e-17, 0.0003447, 1.4559e-05;
1.0260e-16, 1.4559e-05, 1.0428e-05
];

% 右脚リンク2（lower_link_R）
I2 = [
0.002438, 9.3576e-06, 3.2379e-05;
9.3576e-06, 0.002176, -0.0003231;
3.2379e-05, -0.0003231, 0.0007267
];

% ホイール右
I_wheel_R = [
0.001232, 5.4039e-08, 3.2154e-06;
5.4039e-08, 0.00212, 1.0850e-09;
3.2154e-06, 1.0850e-09, 0.001234
];

% 左脚リンク3（upper_link_L）
I3 = [
0.0003433, -6.8590e-18, -2.5570e-17;
-6.8590e-18, 0.0003447, -1.4559e-05;
-2.5570e-17, -1.4559e-05, 1.0428e-05
];

% 左脚リンク4（lower_link_L）
I4 = [
0.002121, -1.1998e-05, 2.3001e-05;
-1.1998e-05, 0.002043, 0.0004155;
2.3001e-05, 0.0004155, 0.000458
];

% ホイール左
I_wheel_L = [
0.001232, -5.4039e-08, -3.2154e-06;
-5.4039e-08, 0.00212, 1.0850e-09;
-3.2154e-06, 1.0850e-09, 0.001234
];